,x,y,1,2,3,4
0,0.7660963832777737,0.5259381364555201,43,77,80,94
1,0.668171062122672,0.6937633178239556,22,57,58,139
2,0.9462894542893595,0.5190767136046603,11,29,34,129
3,0.17559156551170962,0.002009593920005881,54,56,76,112
4,0.4385894359130813,0.09099566994837416,13,28,68,123
5,0.6586274606940387,0.4754755268039832,8,80,94,128
6,0.1510282229482881,0.5519094896455186,10,52,136,149
7,0.01755095548161323,0.29134388423299495,107,111,119,130
8,0.6784082182427286,0.5248580959859912,5,80,94,128
9,0.552156917558979,0.6760180439176426,57,73,99,138
10,0.18468267310305952,0.5979251172749633,6,52,71,136
11,0.9446519916062966,0.590196712293555,2,29,75,129
12,0.6572121256779369,0.8431419091374294,42,64,102,104
13,0.3792968454711252,0.1012283448107143,4,28,68,123
14,0.4591317734030942,0.9474392685991861,18,61,65,85
15,0.45490478665259115,0.2410480118625815,50,109,114,122
16,0.7233080569006183,0.7685581282534423,42,98,104,139
17,0.5226399538504481,0.18946854281765457,38,113,122,140
18,0.3876617010572383,0.9205928730554741,14,23,61,65
19,0.05205767118951332,0.5853098096185396,37,52,70,149
20,0.21478542907314624,0.4943063350361504,35,89,118,136
21,0.4012957749229058,0.44473113082059845,48,86,116,146
22,0.6555633413040777,0.6343315737175439,1,57,58,139
23,0.2848873505586307,0.9321855198807606,18,65,115,134
24,0.29824043383858945,0.5414113125304293,116,127,135,136
25,0.5660168192502989,0.8045056531715313,27,85,99,102
26,0.05967759191498745,0.04943654849906931,44,76,117,147
27,0.46237474468030826,0.7806449127668078,25,85,99,138
28,0.4379114282254831,0.0585977275010362,4,13,66,105
29,0.9313886503014951,0.5556464780940967,2,11,34,129
30,0.18970225305559096,0.7227376194674265,41,71,83,137
31,0.8504841490579278,0.25830340792644957,45,82,125,145
32,0.90389582618261,0.687689183776583,67,91,108,133
33,0.11475221101990085,0.4523404888690803,35,36,106,121
34,0.8935458769514597,0.5022321552003692,2,29,46,129
35,0.18009666521111878,0.4345942244653024,20,33,36,118
36,0.1108815890760626,0.4209004307975849,33,35,106,121
37,0.020433680177526337,0.5457602808223483,19,70,106,121
38,0.572782376970302,0.18036919502783733,17,100,122,140
39,0.9947775324868596,0.1187949725528018,59,62,125,144
40,0.7665426234227418,0.06627097269758009,59,60,62,97
41,0.25072409902145,0.7498635628158292,30,83,115,137
42,0.7370861165678336,0.8214352810035285,12,16,98,104
43,0.781344645316021,0.4397192971828655,0,77,82,143
44,0.1706798627087025,0.09172340780439803,26,54,56,76
45,0.7247696325181985,0.2526237827405997,31,79,132,145
46,0.9230200007669751,0.3968404460510423,34,82,142,143
47,0.26698993796485093,0.26987219764499093,53,72,88,90
48,0.5076786500864853,0.37241097608951035,21,86,141,146
49,9.90293971614431e-05,0.8856970060218822,92,93,103,126
50,0.438888796122583,0.2107930742316605,15,109,114,123
51,0.6613049423169353,0.31683882227817384,79,132,140,145
52,0.13893743971195094,0.5749776187633199,6,10,19,149
53,0.1708698107879847,0.3043684660154712,47,90,119,130
54,0.24775547845549928,0.035782072561309164,3,44,56,112
55,0.24412709427338186,0.6541475788608982,71,83,127,137
56,0.186913918531598,0.036768313825244925,3,44,54,76
57,0.6377276704002148,0.6434562970244834,1,9,22,58
58,0.686067237338299,0.6611926203215888,1,22,57,139
59,0.7952498391003905,0.007270516031407048,39,40,60,97
60,0.6617442685586653,0.09608393696610296,40,59,97,100
61,0.46239058593141424,0.9292053720125921,14,18,65,85
62,0.943640580723943,0.11290066571764534,39,40,125,144
63,0.9422516468425018,0.8318919661325801,67,69,110,131
64,0.7295350022642262,0.8754634366214632,12,98,102,104
65,0.4048745792197579,0.9779864782290193,14,18,23,61
66,0.44646603684216557,0.0175354580190612,28,68,78,105
67,0.9097303241341763,0.7626037880503189,32,63,69,131
68,0.4146494005598561,0.12589813000285366,4,13,66,123
69,0.9491735783800067,0.7902012482191378,63,67,91,131
70,0.021716128857333206,0.5531805937714233,19,37,106,121
71,0.19758160450064732,0.643797832160441,10,30,55,149
72,0.29035602169669217,0.366594113992056,47,89,90,118
73,0.5239335721965397,0.5920005644293387,9,84,87,148
74,0.019293280821718328,0.7179832024236579,92,93,126,137
75,0.9958024367870243,0.5895055084080435,11,91,101,108
76,0.13865900424743316,0.03305985176949777,3,26,44,56
77,0.7611847137803059,0.5441928888957522,0,43,80,94
78,0.5617504829231623,0.045655583958149615,66,97,100,113
79,0.6450105670782424,0.2823481474304963,45,51,132,145
80,0.7140423276460294,0.5342252117898133,0,5,8,77
81,0.3701910118522834,0.7090438965617285,83,96,135,138
82,0.8079003341649582,0.37346813810792723,31,43,46,143
83,0.22863101336481473,0.7394493238671186,30,41,55,81
84,0.501798210168102,0.5524898631670404,73,87,95,148
85,0.5427830716471074,0.8481743711354842,14,25,27,61
86,0.4579946169300645,0.5024778765049006,21,48,87,146
87,0.4913247292773222,0.5724315110308882,73,84,86,148
88,0.36412694257818623,0.22350184992133393,47,90,109,114
89,0.2589055481053012,0.4214592651703827,20,72,118,127
90,0.2963234380899641,0.2683264971028476,47,53,72,88
91,0.9385987698041504,0.7005083106396275,32,69,75,108
92,0.1198192225914434,0.8185312190837104,49,74,93,103
93,0.0435610588991131,0.7399282870222637,49,74,92,126
94,0.7327116307388755,0.5617777452682364,0,5,8,77
95,0.4697309101581685,0.5935981522257504,84,116,138,148
96,0.36077111650839366,0.6839423003881208,81,116,127,135
97,0.6583465223781677,0.02509395834431527,40,59,60,78
98,0.7581645939312326,0.7979278574413002,16,42,64,120
99,0.5389297163977692,0.7802665459591418,9,25,27,102
100,0.5585940629034962,0.13602765515040227,38,60,78,113
101,0.8238585349280878,0.6646450867880982,75,108,120,133
102,0.636286827121896,0.8270123364530495,12,25,64,99
103,0.1593073177036567,0.8805590571047617,49,92,115,134
104,0.7410961611958804,0.8697740638556408,12,16,42,64
105,0.4142049619262971,0.019302518291707593,28,66,112,113
106,0.07609912127319951,0.4539071795241777,33,36,37,70
107,0.08253709425120048,0.1948359507331896,7,117,119,147
108,0.8973241163681807,0.6916448841318723,32,75,91,101
109,0.44438865711646147,0.18429021951637248,15,50,88,114
110,0.9110405081037457,0.8772125652634434,63,120,124,131
111,0.028865978610218668,0.3091625584275337,7,117,119,130
112,0.25932908727028026,0.025790610401054348,3,54,105,147
113,0.5181685051738503,0.14596057968987308,17,78,100,105
114,0.3909344338567783,0.18499073374097663,15,50,88,109
115,0.24429564751691868,0.8212738049382682,23,41,103,134
116,0.4135124770099311,0.5703846673294105,21,24,95,96
117,0.00036950962764659145,0.13289775228458012,26,107,111,147
118,0.22901938194087534,0.43471278577257844,20,35,72,89
119,0.06891933635960368,0.23259164835790613,7,53,107,111
120,0.8506326918016527,0.8151623524772713,98,101,110,133
121,0.11227025359617271,0.482438968083409,33,36,37,70
122,0.5143440824565279,0.2022264312063934,15,17,38,140
123,0.42365698993380285,0.15352166172727677,4,13,50,68
124,0.9758953338499667,0.9840281609358053,110,133,142,143
125,0.9758812337660685,0.2598572112109282,31,39,62,144
126,0.003915877770191201,0.7434846384243369,49,74,93,134
127,0.30599559192530734,0.5643638981729874,24,55,89,96
128,0.651045419876239,0.47805035874868973,5,8,132,141
129,0.9529358854374587,0.5587197087367142,2,11,29,34
130,0.07750164448011099,0.31721507849327724,7,53,111,146
131,0.9245485915970626,0.7799074828223744,63,67,69,110
132,0.6948345473058158,0.30564780506939637,45,51,79,128
133,0.8423192330528427,0.738355262064058,32,101,120,124
134,0.2286903127741624,0.9490377953579354,23,103,115,126
135,0.36358999721761276,0.6408171073165806,24,81,96,141
136,0.19456899584500453,0.5644204932980647,6,10,20,24
137,0.18359443720246293,0.750276859113099,30,41,55,74
138,0.4659894635138454,0.6800648074915061,9,27,81,95
139,0.7111964916144844,0.6984452614001047,1,16,22,58
140,0.5605762898606864,0.2153903513289407,17,38,51,122
141,0.5434153535426217,0.41114811884616165,48,128,135,142
142,0.9601089025002147,0.4012569359578313,46,124,141,144
143,0.7809900742291004,0.4159796739370393,43,46,82,124
144,0.9535067787979068,0.18322625061973752,39,62,125,142
145,0.7338250634520009,0.2890682151480909,31,45,51,79
146,0.4662971529839769,0.5045971178924141,21,48,86,130
147,0.052872631819400606,0.12272764301299455,26,107,112,117
148,0.5153284803490806,0.565314088266348,73,84,87,95
149,0.12586414299748727,0.6185981098132632,6,19,52,71
