,x,y,1,2,3,4
0,72.94053786518205,18.075622653949132,125,138,156,193
1,7.2608440013260385,50.45901344076304,3,23,85,142
2,51.55485268881863,5.794581245693331,59,67,88,165
3,4.373476810330845,58.18974295011843,1,85,187,198
4,24.49324964379548,85.38122083477225,44,97,143,145
5,14.971651996803715,78.19773271323662,11,27,78,83
6,66.98636783912777,86.62262763914518,29,92,96,196
7,40.14934307716893,3.826581201471768,59,67,77,87
8,23.300997184423654,51.748368694609034,131,142,167,187
9,39.65061964300746,42.54131739342778,89,90,107,117
10,83.85244486837439,89.27926084560556,46,56,133,195
11,15.02959356045367,71.2099955240969,5,30,78,198
12,48.162098790015364,78.82253595117506,33,94,98,166
13,15.53767390488584,32.56843226006691,23,71,76,155
14,71.69186757071311,46.64874282352932,34,40,122,135
15,34.46715444790927,89.45375560554443,42,44,109,186
16,64.33442826082279,96.41197048750834,92,96,150,181
17,61.515833369065895,6.411191790805571,22,88,105,199
18,70.34434381353584,25.000116879896417,125,138,156,193
19,18.623961166906543,14.525719426401507,144,158,164,170
20,80.82378684251348,10.625427335958836,41,54,162,163
21,94.09676292574727,15.638663143946573,38,57,84,127
22,55.92339579324195,11.41978092427659,17,86,161,174
23,14.73933704832241,40.339247034207126,1,13,71,112
24,38.20192382613903,64.7944408811696,39,45,132,192
25,26.180469577667086,61.71748381315027,39,49,176,192
26,8.751568774875052,11.807693676143616,52,144,149,170
27,21.474079674489776,76.05091790285748,5,30,78,83
28,49.82693345715222,66.09327732107452,45,103,116,171
29,70.96509724671192,82.8512349304287,6,92,96,196
30,19.02577373497548,70.13603145637333,11,27,49,78
31,77.78583916006666,99.71374737258111,96,133,150,195
32,77.73936168301194,28.43510382105431,111,138,140,193
33,43.83057166605029,80.11550022535063,12,94,98,189
34,68.01772065671972,46.628796853268874,14,40,122,135
35,34.612351947024464,48.53194700146882,89,126,147,160
36,25.68373357328062,29.3700857563864,76,99,155,175
37,21.12468481938451,3.9443353305007145,80,119,123,170
38,90.43937854388777,10.50776917280858,21,84,127,163
39,33.97024246518951,58.97310739498587,24,25,147,176
40,72.65964028989198,49.90446594281492,14,34,82,135
41,78.5287248005132,2.1345191441329847,20,62,65,197
42,33.373235359298825,93.16271732056379,15,44,109,186
43,97.28643162258003,84.99880315905475,46,106,124,157
44,30.852439282859734,88.78446927040386,4,15,42,145
45,45.6605012755914,58.08678777646645,24,28,72,103
46,94.24420098500819,87.42750729876725,10,43,124,133
47,91.12961351126575,51.44585476384494,102,114,121,188
48,3.101811772083285,88.10609291772428,73,136,180,182
49,24.28953367331802,66.74430305612445,25,30,187,192
50,36.44502938607849,30.72124135437719,70,107,108,173
51,48.58439461432702,54.138233900952,72,103,132,146
52,7.005705494467939,7.847046996050588,26,95,144,149
53,83.36487903304001,0.31624966728711623,54,162,163,168
54,81.03061029679719,5.971537352290834,20,53,162,163
55,76.21616057387591,71.19752263925677,56,148,151,152
56,84.14079058059511,77.99387551263128,10,55,151,152
57,87.56260554884561,20.554424915727132,21,61,140,194
58,63.012435339231295,39.96019832925906,101,111,135,179
59,49.681044965663624,9.131600803673635,2,7,77,165
60,29.3774362763493,12.663930220206076,87,120,158,164
61,87.96051476491597,29.51282085544562,57,140,154,194
62,75.14661290881305,2.7086856818896,41,65,134,197
63,54.6608878382274,19.792043145119553,91,128,169,174
64,82.63784610834138,44.785129035893526,81,102,183,188
65,74.82246990595806,2.0110535251251282,41,62,134,197
66,69.26120476793997,10.39208070239881,104,115,134,199
67,50.388919146750055,3.7679116574679927,2,7,88,165
68,50.78512139452352,35.7515248376214,108,117,129,177
69,64.57351735863148,52.5776778074355,82,122,146,190
70,27.001729993904767,37.312179598624304,50,76,137,155
71,16.98743806582189,35.975158760125645,13,23,76,155
72,44.44989983172118,55.7731973259178,45,51,103,132
73,4.361556015188417,87.04061996963341,48,136,180,182
74,8.548904679945313,18.4268182005068,95,144,149,170
75,6.518545818683408,95.16141411889966,79,136,172,180
76,22.169778656026818,34.66175479870134,13,36,70,71
77,47.299201584989625,10.75246242204171,7,59,86,165
78,17.047751769549713,75.00277780815037,5,11,27,30
79,7.193164768896432,94.69074750020363,75,136,172,180
80,19.80079281120447,0.6646976607577848,37,95,119,123
81,79.21049413848105,46.31002486026399,64,122,183,188
82,72.6295695306735,52.93379903764161,40,69,183,188
83,15.668957954167729,83.13270681059288,5,27,178,184
84,92.80330188658735,11.28455886056593,21,38,100,127
85,12.985933096884828,60.16359385636888,1,3,187,198
86,51.22436752263647,12.707155455655395,22,77,161,174
87,40.858243645045334,15.373679134061769,7,60,110,173
88,54.13357750633053,5.666818506644011,2,17,67,161
89,37.096004347411146,46.04256507336471,9,35,107,160
90,44.46361124431852,46.06637318896778,9,107,117,132
91,59.665879065173975,25.007291613701266,63,128,129,169
92,64.63484162387432,88.38660702195423,6,16,29,150
93,83.26150988238311,37.92920068897227,102,140,154,194
94,48.4654697098844,80.46845227168016,12,33,98,166
95,10.550690287127097,5.473380413723894,52,74,80,123
96,70.93271635268194,88.73345291942427,6,16,29,31
97,26.160746254378186,92.03615378258309,4,143,145,178
98,49.568011389927456,84.74311662131943,12,33,94,166
99,20.870810312637655,25.93204980516386,36,137,158,175
100,96.89900990568522,1.7468527034091297,84,127,162,168
101,63.162167425684636,34.36682569937175,58,111,177,179
102,88.35603758869682,47.39639988113466,47,64,93,114
103,46.64905340856647,59.25288887250416,28,45,51,72
104,63.824627213632944,15.453389664424556,66,115,125,156
105,58.876157147972194,2.147730062071629,17,161,174,199
106,94.36322456473668,76.00827295023042,43,130,152,157
107,38.81223025269248,40.387705499842276,9,50,89,90
108,46.86560337572189,24.606184618147864,50,68,110,128
109,34.63579610631604,90.79892559611866,15,42,145,186
110,43.79879990599118,18.93309580144924,87,108,120,173
111,69.29518884910301,33.24130116122276,32,58,101,179
112,21.960683379917977,42.90842466849754,23,137,142,167
113,65.00471853530685,70.22684948040178,116,148,190,196
114,90.19174566187851,47.14367377809623,47,102,121,183
115,71.91165738230546,12.64328734675848,66,104,134,138
116,55.253302807849344,65.51181488879713,28,113,171,190
117,43.32132731555386,45.18653815978054,9,68,90,160
118,55.51091537575922,89.20043814596904,139,141,166,185
119,14.193639146487847,0.5269783630330371,37,80,123,164
120,31.599415140107524,19.590297971035152,60,110,158,173
121,92.41757328348953,57.67798243609115,47,114,130,157
122,72.52642392523431,42.92086035847568,14,34,69,81
123,14.027931231146862,3.370633480071328,37,80,95,119
124,99.66457574179927,85.36641999863711,43,46,153,157
125,69.76847761489799,20.351838952894173,0,18,104,156
126,32.009221057344206,53.39113521033663,35,147,160,176
127,97.62380427866071,5.028890495192762,21,38,84,100
128,55.351492781238555,24.388842755625273,63,91,108,129
129,57.85966237559001,27.398030529446558,68,91,128,169
130,89.858110406841,74.33686899065596,106,121,151,152
131,20.869276744648722,54.50935039552458,8,142,147,176
132,42.93690261120309,57.434527915259494,24,51,72,90
133,86.35686319958464,90.38787744599274,10,31,46,153
134,73.45045810173106,5.290363050814328,62,65,66,115
135,69.5627506207109,46.406199256966374,14,34,40,58
136,3.227322173863434,92.7294058752663,48,73,75,79
137,24.17912936623373,36.034592564747356,70,99,112,167
138,73.903123488798,19.829800019743004,0,18,32,115
139,53.39038962688733,90.52571700913367,118,141,185,191
140,86.17764137049583,27.11032392241295,32,57,61,93
141,56.628486027368005,89.00673978744308,118,139,181,185
142,16.957627858477665,49.15498618936045,1,8,112,131
143,26.699894948445223,92.87106843375216,4,97,178,186
144,12.254253699091699,10.44585461106784,19,26,52,74
145,30.063811531049478,85.93741387542049,4,44,97,109
146,55.528463118960204,52.48075399850332,51,69,171,190
147,32.788838057360245,53.413195586715,35,39,126,131
148,72.93861499345698,65.6745243115436,55,113,151,196
149,2.86112219083402,9.780998241519933,26,52,74,164
150,64.67725008785173,93.05699097350865,16,31,92,181
151,81.89941803095144,75.80590926063496,55,56,130,148
152,84.80766966942728,77.79580840322289,55,56,106,130
153,93.09126094448848,97.25354333083438,124,133,181,195
154,89.50383362102069,36.18259401867764,61,93,179,194
155,23.49048325398454,34.179098580008294,13,36,70,71
156,69.05365345071961,19.65204025180043,0,18,104,125
157,93.91126474570002,73.83736528991285,43,106,121,124
158,22.43914578308164,23.45638927763837,19,60,99,120
159,6.598943378199873,74.53154375249493,178,182,184,198
160,33.96029992994456,51.182153044888935,35,89,117,126
161,54.81033740591427,11.027336326704395,22,86,88,105
162,79.97733600505926,8.040197539260474,20,53,54,100
163,80.45780618753362,7.966703689141907,20,38,53,54
164,20.820874545464928,13.323766778590374,19,60,119,149
165,52.31968297992575,7.5623598329887525,2,59,67,77
166,51.00705081930123,86.98823971261635,12,94,98,118
167,25.374414446578776,43.24875702659612,8,112,137,175
168,83.99232194978038,1.0042252326307843,53,100,197,199
169,60.24606324007705,24.127903405240993,63,91,129,177
170,14.170860200528923,9.618019343350436,19,26,37,74
171,53.1841035597925,63.98118079444093,28,116,146,189
172,5.98591370078595,98.45050680481931,75,79,182,184
173,37.08153545230448,24.45342529672424,50,87,110,120
174,55.289451476016794,12.443486221790923,22,63,86,105
175,22.24523466634737,26.592752866877746,36,99,167,177
176,31.002767617017913,56.310395526932034,25,39,126,131
177,55.03384299519058,31.63467559636971,68,101,169,175
178,19.765824339832893,94.3934475749155,83,97,143,159
179,68.95960221578753,33.48762531471535,58,101,111,154
180,7.525970927894354,90.67717172879001,48,73,75,79
181,62.63343849237879,94.20194332184437,16,141,150,153
182,3.100476101630223,81.74181809392364,48,73,159,172
183,80.08935182456499,48.92521335406641,64,81,82,114
184,17.757165819902866,91.12320165842345,83,159,172,189
185,49.931573531890336,90.00553926782597,118,139,141,191
186,33.992695460189935,92.5841760298242,15,42,109,143
187,18.04544806642754,58.085345374136196,3,8,49,85
188,84.43950036391567,49.06758519477887,47,64,81,82
189,37.59037544849724,78.23453846887989,33,171,184,192
190,59.98837500200408,63.05039864742128,69,113,116,146
191,51.08914878896977,94.79313373645877,139,185,193,195
192,30.890319494151964,67.43461056737772,24,25,49,189
193,72.19206603293851,20.280925055567522,0,18,32,191
194,91.25549223522552,30.51260831607744,57,61,93,154
195,80.18510870263086,98.90172991765553,10,31,153,191
196,67.18101861460998,81.4166058061391,6,29,113,148
197,74.73030426366272,0.1254723333480534,41,62,65,168
198,10.186213036940028,66.95500368218066,3,11,85,159
199,64.70197353422,4.98851586604604,17,66,105,168
